1 4400
2 1080
3 4480
4 6700
5 3270
6 3810
7 5630
8 3310
9 9240
10 8160
11 730
12 3390
13 4440
14 6450
15 8570
16 4780
17 9830
18 7390
19 1230
20 4240
21 8010
22 4780 
23 230
24 3570
25 560
26 5320
27 420
28 3870
29 6710
30 9350
31 6700
32 7680
33 1760
34 60
35 2360
36 7870
37 6220
38 6570
39 6620
40 8630
41 4300
42 1530
43 1280
44 1280
45 7440
46 4010
47 7920
48 1790
49 3640
50 270
51 3950
52 3150
53 7860
54 30
55 2960
56 9600
57 510
58 6260
59 7910
60 6820
61 5940
62 2700
63 9040
64 4450
65 9320
66 8540
67 4280
68 4550
69 7860
70 1680
71 2080
72 8930
73 3850
74 2580
75 4570
76 4890
77 2130
78 3150
79 2660
80 8810
81 7750
82 3270
83 1620
84 7740
85 2030
86 8390
87 7890
88 2010
89 8230
90 7050
91 20
92 6500
93 7370
94 9050
95 2950
96 4780
97 4520
98 8040
99 9510
100 8330
101 2050
102 5360
103 5950
104 6510
105 1670
106 6820
107 4270
108 8300
109 650
110 9340
111 2140
112 9450
113 5900
114 440
115 6700
116 8950
117 990
118 8530
119 4750
120 3500
121 7760
122 9730
123 1570
124 8380
125 8220
126 8600
127 3920
128 8890
129 8180
130 2240
131 7300
132 5080
133 1680
134 1850
135 7620
136 7010
137 5170
138 1950
139 3280
140 6230
141 3310
142 1950
143 8970
144 8770
145 6850
146 2250
147 50
148 3820
149 570
150 910
151 6160
152 8630
153 1980
154 8210
155 8790
156 7430
157 3220
158 2490
159 1420
160 9730
161 5460
162 7300
163 3130
164 7470
165 5000
166 7620
167 7060
168 2670
169 1320
170 3220
171 3790
172 7600
173 1610
174 3630
175 9120
176 3950
177 6120
178 1980
179 9950
180 3850
181 9110
182 7830
183 2630
184 4420
185 5420
186 7530
187 5750
188 5160
189 5040
190 2830
191 7250
192 9360
193 8050
194 8720
195 7700
196 1650
197 7590
198 620
199 5490
200 3430
201 6940
202 7840
203 9130
204 1670
205 8310
206 2690
207 4160
208 9790
209 320
210 8130
211 6890
212 5090
213 9100
214 7640
215 7630
216 7370
217 9410
218 5470
219 6890
220 9900
221 9650
222 8480
223 1820
224 5380
225 320
226 440
227 1020
228 9400
229 1510
230 2260
231 6480
232 4290
233 6910
234 4260
235 4900
236 6090
237 8350
238 4340
239 1440
240 8480
241 5910
242 8680
243 4760
244 1740
245 5310
246 7010
247 3510
248 8560
249 9930
250 5230
251 7160
252 1580
253 910
254 7420
255 6660
256 4790
257 8560
258 1460
259 7010
260 9310
261 1010
262 9620
263 8240
264 5560
265 5440
266 8580
267 4960
268 7420
269 1900
270 7920
271 2970
272 480
273 210
274 5340
275 150
276 3590
277 8040
278 1840
279 8260
280 1540
281 4380
282 4790
283 7270
284 2920
285 5860
286 7000
287 8150
288 9830
289 9520
290 6810
291 8350
292 490
293 8080
294 2730
295 4670
296 3250
297 8440
298 2480
299 5720
300 5090
301 6380
302 5620
303 6350
304 8790
305 210
306 9050
307 2130
308 1330
309 6270
310 4840
311 2730
312 8080
313 260
314 6390
315 8760
316 1650
317 8840
318 5710
319 2390
320 1490
321 9460
322 30
323 170
324 2040
325 2330
326 1820
327 800
328 4030
329 5520
330 5760
331 3370
332 730
333 8100
334 9160
335 220
336 6450
337 7680
338 1160
339 7450
340 2240
341 830
342 2440
343 6630
344 5790
345 8970
346 8900
347 5580
348 9660
349 6020
350 760
351 6790
352 7100
353 1330
354 8220
355 8660
356 740
357 6080
358 990
359 9040
360 8850
361 3940
362 1560
363 3400
364 6510
365 5990
366 40
367 5550
368 8110
369 2340
370 6490
371 6930
372 2600
373 8660
374 4340
375 1280
376 9810
377 4900
378 1320
379 2680
380 700
381 3360
382 440
383 210
384 9580
385 510
386 2580
387 7760
388 9320
389 8790
390 2820
391 8040
392 8550
393 5370
394 4740
395 5300
396 3140
397 4760
398 1430
399 280
400 6360
401 830
402 3600
403 5420
404 4590
405 1210
406 3870
407 3670
408 7010
409 8470
410 3530
411 6370
412 8250
413 7180
414 2590
415 1400
416 5810
417 6180
418 5650
419 4820
420 5880
421 8970
422 7320
423 2210
424 9690
425 3200
426 9080
427 2270
428 190
429 7110
430 2580
431 9760
432 7730
433 6960
434 7020
435 5300
436 8990
437 600
438 1910
439 8470
440 9490
441 4200
442 8880
443 2420
444 2950
445 2640
446 4960
447 8560
448 8000
449 2830
450 3550
451 4610
452 6380
453 2430
454 5410
455 8100
456 9400
457 7990
458 7640
459 2940
460 8080
461 4120
462 3920
463 5380
464 8000
465 7570
466 2810
467 5070
468 2830
469 8570
470 820
471 4500
472 920
473 6720
474 640
475 1580
476 3420
477 8160
478 9490
479 2030
480 9650
481 1390
482 6190
483 620
484 1410
485 3150
486 1620
487 2070
488 8920
489 6580
490 9190
491 9330
492 8560
493 5020
494 8100
495 6750
496 2220
497 8840
498 6300
499 2730
500 1660
501 1660
502 6390
503 2530
504 5950
505 6560
506 7420
507 4890
508 8990
509 2540
510 3300
511 240
512 9090
513 2480
514 7880
515 2130
516 6040
517 9800
518 4170
519 7630
520 2290
521 9610
522 290
523 460
524 9920
525 1060
526 9140
527 290
528 8360
529 5580
530 9910
531 650
532 9770
533 3230
534 8750
535 9490
536 1160
537 7050
538 440
539 210
540 2730
541 1350
542 5300
543 6140
544 2860
545 5550
546 6260
547 9220
548 3450
549 3540
550 5030
551 5070
552 8740
553 7600
554 4250
555 2660
556 3080
557 7480
558 7340
559 350
560 1140
561 5310
562 2260
563 5920
564 2850
565 350
566 2990
567 680
568 2040
569 3120
570 6890
571 3430
572 4620
573 240
574 5840
575 8710
576 9990
577 5160
578 3750
579 5320
580 1500
581 6290
582 5400
583 7770
584 6890
585 460
586 2050
587 9280
588 3170
589 390
590 6830
591 2420
592 8390
593 3540
594 4410
595 5570
596 9800
597 2670
598 8900
599 250
600 9040
601 7240
602 3670
603 7160
604 1950
605 8610
606 5870
607 2220
608 5410
609 3690
610 7430
611 9300
612 4380
613 2040
614 7500
615 8240
616 5720
617 350
618 2240
619 7500
620 8630
621 5240
622 6770
623 2870
624 9680
625 9090
626 3110
627 6710
628 6530
629 8570
630 5680
631 1950
632 9840
633 3630
634 8000
635 4210
636 6550
637 1370
638 1580
639 6360
640 8300
641 2580
642 4600
643 2150
644 2590
645 1290
646 860
647 4920
648 1480
649 2470
650 9050
651 8180
652 6890
653 1380
654 2350
655 9630
656 7760
657 7310
658 2480
659 5850
660 6320
661 3140
662 7210
663 9360
664 5300
665 4350
666 8310
667 8930
668 6710
669 9040
670 8840
671 4520
672 3940
673 5790
674 2340
675 6480
676 7120
677 5470
678 8050
679 2350
680 2950
681 7190
682 4370
683 9770
684 9740
685 4430
686 7640
687 9510
688 5580
689 4200
690 5000
691 7790
692 1470
693 2090
694 4390
695 5810
696 5300
697 5720
698 4960
699 3140
700 8890
701 5270
702 9110
703 4750
704 9490
705 4370
706 1720
707 6420
708 7020
709 7060
710 8940
711 5280
712 2050
713 7800
714 7830
715 8270
716 6960
717 5280
718 4820
719 4030
720 9570
721 450
722 6090
723 880
724 7490
725 5640
726 6360
727 1420
728 5800
729 8990
730 1480
731 2280
732 3490
733 2550
734 6910
735 6910
736 9510
737 2210
738 8580
739 7010
740 3230
741 500
742 9530
743 600
744 4680
745 2300
746 3400
747 7590
748 2340
749 2350
750 9920
751 4770
752 5700
753 5780
754 9900
755 3860
756 2410
757 2670
758 5600
759 1380
760 2150
761 6490
762 360
763 9810
764 7230
765 720
766 9980
767 7560
768 8320
769 8260
770 8880
771 7910
772 9820
773 5090
774 7260
775 9290
776 5160
777 8580
778 8520
779 6680
780 4480
781 2320
782 9470
783 7090
784 1300
785 5720
786 3350
787 6810
788 5940
789 960
790 3310
791 9130
792 1110
793 6680
794 5230
795 3540
796 1100
797 7090
798 9380
799 6550
800 9240
801 7160
802 7430
803 340
804 4650
805 3380
806 7160
807 3430
808 3860
809 4310
810 9180
811 9020
812 1940
813 5860
814 3910
815 5710
816 2380
817 1270
818 5720
819 5260
820 9840
821 3490
822 3780
823 1050
824 8670
825 7680
826 9860
827 9820
828 5020
829 3820
830 1660
831 8330
832 4100
833 4150
834 5520
835 1520
836 1580
837 3980
838 3490
839 5560
840 4750
841 9810
842 7800
843 8180
844 2520
845 1370
846 8030
847 4260
848 6840
849 7160
850 1640
851 9880
852 2190
853 5400
854 2420
855 5770
856 6450
857 3480
858 1980
859 4640
860 5070
861 8850
862 5050
863 3380
864 3470
865 9710
866 5130
867 8930
868 9720
869 4190
870 2960
871 3470
872 6740
873 8130
874 6320
875 1690
876 8710
877 440
878 5100
879 9490
880 6490
881 8980
882 6420
883 2280
884 9740
885 6270
886 9160
887 8900
888 3940
889 5920
890 4480
891 6870
892 2410
893 2040
894 9060
895 2470
896 7950
897 30
898 1820
899 7750
900 6830
901 6390
902 4840
903 4850
904 5720
905 6570
906 7530
907 9730
908 6500
909 2870
910 4910
911 4010
912 6410
913 8610
914 4650
915 3690
916 6740
917 7610
918 7800
919 9040
920 9970
921 5320
922 7690
923 8840
924 7300
925 2040
926 9230
927 1660
928 2200
929 3570
930 1270
931 7830
932 400
933 2260
934 8360
935 5950
936 1860
937 4460
938 5940
939 3290
940 5080
941 1420
942 9590
943 780
944 2410
945 2800
946 110
947 2820
948 1410
949 5450
950 8770
951 9160
952 7770
953 3580
954 4980
955 1790
956 420
957 4310
958 4960
959 6440
960 9090
961 4290
962 3160
963 2600
964 7130
965 9940
966 6760
967 9430
968 2440
969 9360
970 7230
971 8420
972 1440
973 7960
974 6730
975 4980
976 530
977 6290
978 9390
979 60
980 3530
981 2390
982 8040
983 2690
984 5340
985 4160
986 4790
987 1200
988 6030
989 6730
990 5470
991 9840
992 8770
993 990
994 3880
995 4310
996 4980
997 5290
998 3230
999 6750
1000 5820
1001 5530
1002 5870
1003 3480
1004 8040
1005 6530
1006 3750
1007 4480
1008 9020
1009 2920
1010 1610
1011 820
1012 880
1013 9700
1014 3270
1015 2730
1016 7360
1017 9470
1018 5900
1019 3740
1020 6850
1021 4440
1022 8270
1023 7000
1024 5350
1025 3960
1026 5820
1027 6340
1028 9680
1029 110
1030 3640
1031 3780
1032 9350
1033 5960
1034 8380
1035 440
1036 330
1037 9970
1038 210
1039 2280
1040 8980
1041 1930
1042 440
1043 1180
1044 8590
1045 940
1046 2090
1047 9130
1048 8020
1049 8030
1050 8120
1051 7500
1052 9830
1053 9410
1054 9480
1055 1470
1056 6080
1057 1390
1058 4830
1059 5480
1060 1150
1061 3030
1062 9340
1063 6010
1064 640
1065 9310
1066 1510
1067 9080
1068 6410
1069 9770
1070 150
1071 5980
1072 9640
1073 4700
1074 9920
1075 4340
1076 470
1077 2520
1078 7170
1079 5930
1080 6820
1081 9660
1082 3590
1083 9550
1084 3540
1085 9000
1086 7190
1087 5190
1088 6380
1089 5260
1090 9070
1091 4960
1092 8100
1093 6350
1094 3600
1095 8240
1096 3900
1097 2690
1098 4720
1099 5830
1100 4710
1101 270
1102 1070
1103 5770
1104 760
1105 3100
1106 5690
1107 330
1108 5780
1109 7510
1110 1420
1111 2330
1112 6300
1113 710
1114 6980
1115 7800
1116 2760
1117 9680
1118 5420
1119 3580
1120 3870
1121 2080
1122 4890
1123 8790
1124 780
1125 3280
1126 8000
1127 4440
1128 5590
1129 8930
1130 6680
1131 2520
1132 3080
1133 9570
1134 1410
1135 6220
1136 3400
1137 9050
1138 1780
1139 4320
1140 7270
1141 480
1142 7240
1143 8420
1144 2640
1145 1630
1146 8760
1147 2430
1148 1570
1149 6720
1150 4420
1151 6460
1152 8300
1153 4470
1154 3450
1155 3900
1156 4050
1157 5900
1158 9860
1159 3100
1160 6800
1161 1190
1162 2110
1163 9960
1164 8870
1165 8330
1166 2730
1167 4920
1168 3220
1169 3980
1170 3530
1171 2040
1172 4180
1173 6720
1174 8550
1175 4280
1176 3900
1177 2110
1178 440
1179 8300
1180 1330
1181 6490
1182 3270
1183 1270
1184 7990
1185 3760
1186 5780
1187 4390
1188 3650
1189 840
1190 630
1191 2200
1192 4080
1193 5030
1194 4590
1195 5840
1196 8930
1197 410
1198 7010
1199 1510
1200 2370
1201 8610
1202 6300
1203 1160
1204 3080
1205 6000
1206 4310
1207 6160
1208 2080
1209 4950
1210 4340
1211 1890
1212 3230
1213 5260
1214 5160
1215 920
1216 4310
1217 9250
1218 2590
1219 2200
1220 8470
1221 9810
1222 9800
1223 6970
1224 5040
1225 4630
1226 2310
1227 9310
1228 1680
1229 9500
1230 3330
1231 8440
1232 4110
1233 5640
1234 960
1235 4630
1236 6350
1237 2390
1238 8090
1239 5670
1240 5620
1241 8560
1242 2860
1243 7220
1244 8550
1245 5750
1246 9520
1247 6570
1248 1520
1249 1280
1250 4900
1251 5200
1252 2470
1253 1010
1254 1320
1255 8730
1256 3860
1257 7900
1258 7570
1259 7790
1260 8690
1261 9360
1262 7020
1263 9430
1264 4990
1265 3910
1266 6580
1267 3790
1268 7130
1269 9670
1270 9310
1271 3520
1272 3800
1273 5880
1274 9750
1275 8390
1276 6220
1277 2450
1278 7010
1279 670
1280 2510
1281 6110
1282 5350
1283 9100
1284 4030
1285 4340
1286 490
1287 510
1288 4240
1289 8820
1290 2770
1291 7880
1292 5730
1293 7030
1294 9680
1295 7890
1296 6360
1297 1640
1298 2350
1299 6190
1300 790
1301 1550
1302 1490
1303 3970
1304 4570
1305 8990
1306 5880
1307 9680
1308 7390
1309 4590
1310 7380
1311 6070
1312 3030
1313 4350
1314 5320
1315 3870
1316 9930
1317 7560
1318 6260
1319 1780
1320 8310
1321 9360
1322 7520
1323 4160
1324 950
1325 1920
1326 1700
1327 6680
1328 8260
1329 5870
1330 90
1331 3790
1332 4810
1333 3770
1334 3020
1335 9550
1336 3250
1337 9550
1338 1700
1339 5260
1340 7670
1341 5670
1342 9430
1343 2980
1344 2840
1345 7480
1346 7150
1347 1860
1348 3850
1349 8800
1350 4890
1351 4060
1352 1970
1353 1570
1354 2730
1355 4590
1356 6690
1357 3590
1358 6510
1359 9560
1360 2440
1361 8470
1362 2670
1363 3170
1364 7110
1365 4710
1366 8100
1367 6590
1368 640
1369 4760
1370 6710
1371 1570
1372 5620
1373 5820
1374 1340
1375 5600
1376 1520
1377 2860
1378 9210
1379 4370
1380 8580
1381 4340
1382 7890
1383 9820
1384 2440
1385 8450
1386 7030
1387 5370
1388 9950
1389 7820
1390 6410
1391 4060
1392 1730
1393 9050
1394 2810
1395 7360
1396 5790
1397 7160
1398 9210
1399 2870
1400 1600
1401 720
1402 5980
1403 4040
1404 9940
1405 6720
1406 5340
1407 6470
1408 850
1409 720
1410 5710
1411 7530
1412 2680
1413 1030
1414 8040
1415 6580
1416 4650
1417 320
1418 7200
1419 2180
1420 7400
1421 750
1422 8960
1423 6660
1424 5290
1425 880
1426 2210
1427 1020
1428 6430
1429 7600
1430 8390
1431 380
1432 7830
1433 6530
1434 1210
1435 2370
1436 8440
1437 3020
1438 3970
1439 1000
1440 5490
1441 6980
1442 6470
1443 2710
1444 4140
1445 530
1446 3320
1447 120
1448 9660
1449 6720
1450 5570
1451 9230
1452 520
1453 3130
1454 8950
1455 5360
1456 10
1457 5070
1458 1410
1459 3460
1460 2450
1461 130
1462 7260
1463 7910
1464 1870
1465 8840
1466 640
1467 7650
1468 3890
1469 7010
1470 1990
1471 9330
1472 70
1473 660
1474 8570
1475 9170
1476 9660
1477 1050
1478 8020
1479 3160
1480 6740
1481 5900
1482 6810
1483 7170
1484 8410
1485 3200
1486 4690
1487 8390
1488 1420
1489 2440
1490 5950
1491 9600
1492 5890
1493 2170
1494 300
1495 4600
1496 3090
1497 1620
1498 7110
1499 5430
1500 3030
1501 2410
1502 2340
1503 7280
1504 2300
1505 7950
1506 1400
1507 9140
1508 2260
1509 8140
1510 4880
1511 4420
1512 1520
1513 5780
1514 9650
1515 4740
1516 460
1517 2170
1518 2520
1519 70
1520 6280
1521 4820
1522 6530
1523 9780
1524 6630
1525 8060
1526 6990
1527 5140
1528 1180
1529 4290
1530 7330
1531 6130
1532 5110
1533 9870
1534 5500
1535 8200
1536 9540
1537 2830
1538 7650
1539 3570
1540 370
1541 7430
1542 7530
1543 1960
1544 7300
1545 8950
1546 3270
1547 4520
1548 6260
1549 5170
1550 3030
1551 6460
1552 8970
1553 4610
1554 4130
1555 9140
1556 1240
1557 350
1558 7820
1559 5990
1560 340
1561 2740
1562 9130
1563 560
1564 3910
1565 290
1566 6130
1567 7100
1568 1690
1569 5600
1570 2530
1571 8530
1572 5590
1573 3580
1574 2260
1575 7210
1576 1000
1577 8370
1578 2540
1579 4500
1580 1320
1581 2860
1582 4480
1583 4760
1584 8600
1585 8160
1586 4630
1587 6610
1588 5790
1589 6650
1590 4660
1591 7290
1592 7880
1593 1140
1594 6770
1595 9040
1596 6560
1597 2120
1598 9680
1599 2340
1600 3320
1601 5950
1602 5680
1603 3040
1604 4410
1605 3530
1606 4150
1607 5270
1608 1330
1609 2070
1610 4670
1611 5330
1612 500
1613 1780
1614 5980
1615 1360
1616 7920
1617 9140
1618 6210
1619 1200
1620 710
1621 2480
1622 9680
1623 4670
1624 9660
1625 7070
1626 9900
1627 8290
1628 6910
1629 9680
1630 7700
1631 4040
1632 8590
1633 6040
1634 7420
1635 5760
1636 1640
1637 4450
1638 200
1639 520
1640 7160
1641 100
1642 2060
1643 3350
1644 660
1645 2710
1646 310
1647 4540
1648 8180
1649 7810
1650 8280
1651 5370
1652 2840
1653 4950
1654 4780
1655 1470
1656 6580
1657 6710
1658 6460
1659 7190
1660 5590
1661 9910
1662 1210
1663 6550
1664 9780
1665 8670
1666 8080
1667 9310
1668 8260
1669 2220
1670 3820
1671 1070
1672 9440
1673 230
1674 4590
1675 8540
1676 8830
1677 8020
1678 8310
1679 8530
1680 6340
1681 6790
1682 410
1683 2680
1684 2000
1685 3560
1686 4390
1687 2690
1688 3430
1689 2510
1690 940
1691 6400
1692 5120
1693 6840
1694 5350
1695 7380
1696 4750
1697 2140
1698 9950
1699 6210
1700 9540
1701 1080
1702 8550
1703 6550
1704 7170
1705 6140
1706 1070
1707 290
1708 5420
1709 7720
1710 3940
1711 9340
1712 4120
1713 9550
1714 4710
1715 2980
1716 800
1717 3050
1718 6670
1719 2710
1720 7510
1721 2260
1722 6410
1723 7120
1724 7350
1725 9400
1726 5010
1727 9170
1728 2450
1729 5160
1730 7230
1731 640
1732 8180
1733 1430
1734 8120
1735 3290
1736 2900
1737 9400
1738 4940
1739 6300
1740 8010
1741 6780
1742 70
1743 8500
1744 8450
1745 7680
1746 7560
1747 5010
1748 5820
1749 8150
1750 4710
1751 4320
1752 3600
1753 5140
1754 4460
1755 6160
1756 9130
1757 3560
1758 7650
1759 2010
1760 820
1761 8220
1762 8470
1763 2960
1764 5090
1765 1200
1766 2000
1767 5400
1768 8170
1769 620
1770 7520
1771 6740
1772 4210
1773 4560
1774 5330
1775 2730
1776 250
1777 6400
1778 7290
1779 5190
1780 9990
1781 5680
1782 6080
1783 30
1784 2330
1785 5470
1786 2960
1787 9680
1788 7090
1789 790
1790 9540
1791 2170
1792 5970
1793 5720
1794 4150
1795 3870
1796 3700
1797 970
1798 4620
1799 6760
1800 3110
1801 1670
1802 3880
1803 7290
1804 3510
1805 1220
1806 1710
1807 9430
1808 7990
1809 510
1810 2520
1811 6150
1812 9350
1813 7590
1814 5790
1815 650
1816 6800
1817 4260
1818 6850
1819 3310
1820 8470
1821 7230
1822 6470
1823 7780
1824 4150
1825 1690
1826 220
1827 610
1828 9470
1829 7050
1830 7770
1831 4370
1832 2650
1833 9580
1834 8690
1835 4310
1836 7750
1837 1450
1838 80
1839 5050
1840 8890
1841 6130
1842 5970
1843 7170
1844 3970
1845 9520
1846 3920
1847 7170
1848 6030
1849 2720
1850 1350
1851 7170
1852 3990
1853 7340
1854 7880
1855 3770
1856 3310
1857 2340
1858 9700
1859 5280
1860 6460
1861 590
1862 1630
1863 4130
1864 8200
1865 1260
1866 4120
1867 10
1868 6440
1869 4500
1870 5100
1871 4860
1872 4720
1873 8390
1874 150
1875 3860
1876 1680
1877 6610
1878 6430
1879 8670
1880 3450
1881 3510
1882 7050
1883 8840
1884 6100
1885 7030
1886 5080
1887 650
1888 4620
1889 5180
1890 4000
1891 6080
1892 9930
1893 2620
1894 7540
1895 1250
1896 3090
1897 1600
1898 3320
1899 7050
1900 5770
1901 1190
1902 570
1903 7950
1904 3760
1905 3640
1906 4190
1907 3150
1908 2630
1909 3280
1910 3020
1911 7400
1912 2010
1913 2920
1914 3640
1915 1560
1916 1060
1917 5440
1918 500
1919 3670
1920 6240
1921 2940
1922 2590
1923 5770
1924 7570
1925 4100
1926 7110
1927 2680
1928 8850
1929 2940
1930 2650
1931 2370
1932 3630
1933 1910
1934 7990
1935 5050
1936 1590
1937 9630
1938 3240
1939 4760
1940 9800
1941 5750
1942 580
1943 7770
1944 1530
1945 2620
1946 6850
1947 7670
1948 1620
1949 260
1950 3610
1951 2720
1952 9370
1953 550
1954 1900
1955 5720
1956 7860
1957 2520
1958 9710
1959 5660
1960 8010
1961 5590
1962 2990
1963 3640
1964 110
1965 3240
1966 4550
1967 8140
1968 5110
1969 9890
1970 9300
1971 6600
1972 9310
1973 200
1974 2110
1975 2100
1976 2680
1977 2940
1978 3150
1979 4270
1980 7090
1981 1120
1982 8840
1983 2170
1984 8470
1985 1230
1986 2050
1987 5250
1988 9740
1989 5490
1990 590
1991 790
1992 740
1993 1210
1994 6280
1995 3710
1996 3710
1997 2450
1998 5650
1999 770
2000 5250
2001 5230
2002 9860
2003 1580
2004 10
2005 8540
2006 7560
2007 8530
2008 1280
2009 6300
2010 300
2011 7660
2012 6930
2013 7920
2014 4590
2015 4890
2016 9160
2017 6420
2018 6230
2019 9020
2020 4280
2021 5050
2022 4120
2023 980
2024 8470
2025 7480
2026 1060
2027 1440
2028 7110
2029 400
2030 6670
2031 690
2032 5270
2033 1890
2034 7930
2035 2050
2036 2740
2037 5440
2038 8560
2039 9180
2040 9860
2041 2660
2042 8210
2043 2710
2044 7150
2045 8430
2046 620
2047 5540
2048 7850
2049 6740
2050 5580
2051 6090
2052 2800
2053 8080
2054 9420
2055 880
2056 9440
2057 4690
2058 1490
2059 8270
2060 9120
2061 3310
2062 3970
2063 2600
2064 3760
2065 1100
2066 8330
2067 5860
2068 9060
2069 3440
2070 1840
2071 5020
2072 1500
2073 9320
2074 8690
2075 8530
2076 2250
2077 3800
2078 1430
2079 9800
2080 3660
2081 2980
2082 5540
2083 2090
2084 5930
2085 9710
2086 1650
2087 9570
2088 9670
2089 4210
2090 5590
2091 7140
2092 3780
2093 6250
2094 3560
2095 3110
2096 490
2097 2930
2098 5750
2099 7140
2100 3870
2101 700
2102 210
2103 1520
2104 7560
2105 5450
2106 5120
2107 9350
2108 3580
2109 7150
2110 9610
2111 9450
2112 1080
2113 8080
2114 170
2115 2790
2116 6940
2117 4190
2118 900
2119 9040
2120 6790
2121 2070
2122 8620
2123 450
2124 3220
2125 8110
2126 8620
2127 1960
2128 8120
2129 290
2130 7070
2131 9140
2132 8080
2133 8460
2134 540
2135 670
2136 2460
2137 4580
2138 1190
2139 8400
2140 2460
2141 6480
2142 2410
2143 3900
2144 7140
2145 6070
2146 8520
2147 650
2148 9590
2149 850
2150 690
2151 4820
2152 4270
2153 6190
2154 2520
2155 8910
2156 4650
2157 9540
2158 3430
2159 6050
2160 3200
2161 3510
2162 960
2163 890
2164 1410
2165 4490
2166 8900
2167 4870
2168 1620
2169 8520
2170 4670
2171 3010
2172 6910
2173 540
2174 1220
2175 200
2176 5990
2177 1480
2178 3340
2179 3060
2180 8450
2181 8780
2182 1960
2183 470
2184 7210
2185 5780
2186 8780
2187 1950
2188 7310
2189 9060
2190 7270
2191 3790
2192 6540
2193 9490
2194 2460
2195 9740
2196 8360
2197 7240
2198 3510
2199 9850
2200 4450
2201 7600
2202 4050
2203 220
2204 3080
2205 4340
2206 6470
2207 4980
2208 9060
2209 3720
2210 7520
2211 4220
2212 4660
2213 640
2214 9810
2215 9550
2216 8050
2217 5720
2218 4850
2219 9150
2220 1550
2221 7280
2222 730
2223 8010
2224 3070
2225 1510
2226 6910
2227 3710
2228 2110
2229 1110
2230 2050
2231 5480
2232 1470
2233 3530
2234 4330
2235 9000
2236 9850
2237 1100
2238 3210
2239 100
2240 9880
2241 4510
2242 2580
2243 4340
2244 9670
2245 4390
2246 8780
2247 8660
2248 1290
2249 4090
2250 6550
2251 5900
2252 6360
2253 3740
2254 5780
2255 5140
2256 10
2257 1910
2258 8790
2259 2230
2260 3450
2261 6630
2262 6220
2263 9990
2264 7180
2265 450
2266 7240
2267 1360
2268 5130
2269 7720
2270 9370
2271 2020
2272 8450
2273 2740
2274 4310
2275 9360
2276 9720
2277 780
2278 8290
2279 1880
2280 6240
2281 240
2282 9690
2283 2500
2284 9390
2285 370
2286 6740
2287 6610
2288 6740
2289 4150
2290 9370
2291 3470
2292 1510
2293 4290
2294 3860
2295 6760
2296 650
2297 3760
2298 7690
2299 6870
2300 4850
2301 9630
2302 9150
2303 3760
2304 7190
2305 6480
2306 5580
2307 8730
2308 3990
2309 8510
2310 4020
2311 1980
2312 6110
2313 4150
2314 2570
2315 9640
2316 8140
2317 1480
2318 2340
2319 8540
2320 670
2321 370
2322 7080
2323 1010
2324 7790
2325 7790
2326 7470
2327 730
2328 6310
2329 6950
2330 2360
2331 180
2332 4090
2333 4970
2334 1480
2335 1600
2336 3000
2337 7280
2338 9600
2339 7040
2340 1510
2341 620
2342 5430
2343 9380
2344 5870
2345 3350
2346 3210
2347 2620
2348 8380
2349 8330
2350 4160
2351 6080
2352 6810
2353 5740
2354 1730
2355 4690
2356 770
2357 5970
2358 2390
2359 4210
2360 2450
2361 60
2362 590
2363 4770
2364 8680
2365 5760
2366 8670
2367 3260
2368 8800
2369 8310
2370 6560
2371 5610
2372 8530
2373 4610
2374 1240
2375 6240
2376 8400
2377 3080
2378 5580
2379 80
2380 8550
2381 9900
2382 690
2383 7040
2384 1350
2385 1160
2386 6410
2387 8040
2388 9640
2389 7730
2390 7700
2391 5160
2392 5760
2393 2860
2394 3780
2395 8010
2396 1830
2397 7140
2398 8450
2399 3950
2400 1610
2401 590
2402 530
2403 5740
2404 8150
2405 3040
2406 3920
2407 8870
2408 4390
2409 2120
2410 1350
2411 5910
2412 3100
2413 9320
2414 6100
2415 5530
2416 7600
2417 5390
2418 780
2419 4570
2420 1480
2421 6690
2422 710
2423 1000
2424 400
2425 8900
2426 8290
2427 4560
2428 1880
2429 4990
2430 7610
2431 5620
2432 5220
2433 2300
2434 5630
2435 1560
2436 8420
2437 420
2438 2520
2439 3750
2440 3220
2441 6420
2442 3210
2443 5590
2444 7990
2445 2220
2446 1690
2447 2510
2448 4570
2449 3530
2450 2900
2451 2170
2452 5070
2453 1560
2454 360
2455 7610
2456 1330
2457 3670
2458 1370
2459 8900
2460 4300
2461 5170
2462 7770
2463 9330
2464 8790
2465 8170
2466 8440
2467 1340
2468 240
2469 900
2470 9270
2471 9690
2472 6610
2473 6920
2474 1420
2475 9290
2476 9080
2477 3880
2478 5490
2479 6660
2480 8080
2481 7720
2482 2870
2483 6840
2484 3820
2485 3510
2486 3470
2487 210
2488 5770
2489 130
2490 9380
2491 5870
2492 3950
2493 7700
2494 3760
2495 3260
2496 8150
2497 7630
2498 3180
2499 8280
2500 3560
2501 1210
2502 4780
2503 380
2504 4760
2505 710
2506 3580
2507 6720
2508 3960
2509 3120
2510 4040
2511 2140
2512 680
2513 6650
2514 3100
2515 6300
2516 4400
2517 4820
2518 8630
2519 3900
2520 630
2521 900
2522 4610
2523 8860
2524 6660
2525 2300
2526 5970
2527 9500
2528 810
2529 6180
2530 3700
2531 3080
2532 990
2533 2190
2534 7870
2535 9390
2536 7940
2537 9730
2538 9750
2539 4580
2540 2730
2541 2130
2542 80
2543 660
2544 9380
2545 1790
2546 5860
2547 1880
2548 8730
2549 9320
2550 2420
2551 7200
2552 5340
2553 3020
2554 4470
2555 2460
2556 7250
2557 1660
2558 9050
2559 9570
2560 2380
2561 750
2562 7410
2563 1040
2564 7290
2565 8270
2566 3640
2567 6950
2568 3940
2569 5100
2570 6570
2571 7820
2572 2880
2573 4870
2574 9140
2575 4390
2576 7660
2577 1690
2578 9920
2579 5680
2580 480
2581 2120
2582 1550
2583 2060
2584 5840
2585 1490
2586 1200
2587 1740
2588 9480
2589 8730
2590 6410
2591 8640
2592 8420
2593 5890
2594 4560
2595 1720
2596 4880
2597 5710
2598 7890
2599 8160
2600 6490
2601 6270
2602 5760
2603 7450
2604 9490
2605 5030
2606 7290
2607 4090
2608 850
2609 5840
2610 3710
2611 9550
2612 3200
2613 650
2614 5790
2615 2480
2616 1350
2617 6740
2618 980
2619 9590
2620 7210
2621 1980
2622 2890
2623 750
2624 8310
2625 9610
2626 8340
2627 2460
2628 9250
2629 8920
2630 6220
2631 4240
2632 9190
2633 7040
2634 8060
2635 2100
2636 2790
2637 980
2638 9540
2639 7870
2640 3560
2641 10
2642 2660
2643 330
2644 170
2645 6280
2646 9510
2647 6390
2648 770
2649 2110
2650 7950
2651 9640
2652 9590
2653 6270
2654 5430
2655 4430
2656 8210
2657 5880
2658 7700
2659 160
2660 5080
2661 5540
2662 2460
2663 7300
2664 4980
2665 2340
2666 2080
2667 1560
2668 350
2669 7250
2670 1650
2671 1240
2672 4670
2673 1500
2674 6770
2675 5760
2676 5800
2677 6560
2678 7940
2679 1490
2680 9430
2681 690
2682 1180
2683 100
2684 8980
2685 5090
2686 3360
2687 8650
2688 1370
2689 1110
2690 6310
2691 4160
2692 4700
2693 7930
2694 9290
2695 4760
2696 7940
2697 2790
2698 1490
2699 7770
2700 2230
2701 5250
2702 2430
2703 8750
2704 2810
2705 5470
2706 9820
2707 3420
2708 3550
2709 1610
2710 1680
2711 9360
2712 1150
2713 1480
2714 8290
2715 970
2716 2020
2717 5240
2718 8180
2719 1210
2720 6340
2721 5560
2722 9800
2723 4070
2724 2130
2725 5360
2726 8580
2727 4870
2728 6480
2729 4470
2730 2260
2731 3580
2732 6120
2733 710
2734 2190
2735 770
2736 8860
2737 8540
2738 1070
2739 2130
2740 3940
2741 60
2742 7910
2743 3110
2744 8440
2745 580
2746 7760
2747 6160
2748 4820
2749 5050
2750 4480
2751 9190
2752 3160
2753 3730
2754 3690
2755 6610
2756 780
2757 4560
2758 7430
2759 6630
2760 960
2761 8940
2762 1590
2763 8330
2764 6030
2765 9480
2766 8960
2767 1580
2768 2590
2769 5770
2770 6390
2771 9140
2772 4280
2773 8470
2774 6580
2775 4210
2776 2730
2777 5220
2778 4040
2779 7670
2780 4110
2781 9190
2782 3850
2783 380
2784 1820
2785 9790
2786 8230
2787 4970
2788 7710
2789 7960
2790 7500
2791 200
2792 4330
2793 1130
2794 610
2795 1990
2796 2140
2797 5720
2798 8430
2799 4810
2800 6540
2801 1640
2802 4760
2803 830
2804 6270
2805 6580
2806 6230
2807 1160
2808 3380
2809 7360
2810 8750
2811 1630
2812 1810
2813 2740
2814 740
2815 500
2816 1840
2817 8420
2818 6340
2819 5700
2820 3950
2821 3140
2822 8860
2823 4850
2824 5450
2825 7120
2826 1980
2827 8130
2828 920
2829 5610
2830 1490
2831 8250
2832 5100
2833 930
2834 260
2835 8230
2836 3780
2837 9480
2838 8730
2839 9570
2840 6730
2841 6740
2842 7830
2843 4530
2844 2700
2845 4750
2846 4400
2847 6070
2848 4500
2849 7300
2850 3500
2851 5980
2852 1670
2853 6460
2854 1240
2855 9060
2856 2810
2857 2460
2858 3820
2859 6500
2860 4870
2861 1170
2862 8060
2863 2610
2864 3940
2865 230
2866 4530
2867 7390
2868 260
2869 3070
2870 9460
2871 2120
2872 2430
2873 5570
2874 5160
2875 5380
2876 8050
2877 6090
2878 2180
2879 1330
2880 6590
2881 5070
2882 7720
2883 1720
2884 7100
2885 780
2886 3150
2887 8890
2888 9020
2889 6790
2890 9490
2891 7190
2892 3390
2893 7860
2894 7100
2895 4890
2896 8410
2897 3480
2898 3620
2899 8140
2900 3300
2901 9980
2902 2160
2903 3460
2904 5800
2905 6660
2906 4150
2907 6470
2908 460
2909 4590
2910 1130
2911 6810
2912 600
2913 9910
2914 4410
2915 5090
2916 4650
2917 4890
2918 60
2919 2170
2920 5300
2921 350
2922 5740
2923 3120
2924 4600
2925 520
2926 9150
2927 3670
2928 6120
2929 90
2930 150
2931 7390
2932 5610
2933 4780
2934 9620
2935 240
2936 7820
2937 4730
2938 9580
2939 7270
2940 5880
2941 4410
2942 3690
2943 9700
2944 5510
2945 4480
2946 610
2947 5430
2948 4950
2949 710
2950 1360
2951 170
2952 4870
2953 3060
2954 4820
2955 2230
2956 8630
2957 6790
2958 4830
2959 890
2960 5190
2961 5870
2962 9240
2963 4450
2964 7920
2965 2550
2966 8740
2967 6340
2968 5210
2969 7010
2970 870
2971 1120
2972 8170
2973 1660
2974 3910
2975 6620
2976 6200
2977 4010
2978 5750
2979 4030
2980 570
2981 3240
2982 7090
2983 3560
2984 1380
2985 7820
2986 2290
2987 7480
2988 2820
2989 180
2990 9160
2991 7400
2992 2130
2993 9850
2994 2440
2995 5430
2996 3300
2997 3750
2998 320
2999 950
3000 7800
3001 4080
3002 510
3003 1690
3004 2110
3005 9630
3006 9730
3007 3910
3008 8660
3009 4650
3010 3370
3011 3590
3012 1110
3013 9610
3014 1690
3015 8890
3016 9430
3017 7290
3018 8650
3019 1690
3020 4820
3021 3240
3022 5550
3023 7400
3024 5850
3025 3570
3026 750
3027 2480
3028 1500
3029 1870
3030 1170
3031 8840
3032 1630
3033 7250
3034 1720
3035 2970
3036 3430
3037 300
3038 3880
3039 670
3040 950
3041 7890
3042 2410
3043 9440
3044 6130
3045 5880
3046 440
3047 7180
3048 9690
3049 1570
3050 2100
3051 610
3052 1470
3053 6440
3054 3160
3055 8490
3056 3610
3057 2060
3058 2970
3059 6750
3060 210
3061 9140
3062 2830
3063 5160
3064 7620
3065 9330
3066 5090
3067 6020
3068 2830
3069 4240
3070 8120
3071 6960
3072 7750
3073 9970
3074 2720
3075 3630
3076 4880
3077 4880
3078 5490
3079 9560
3080 6580
3081 4500
3082 7620
3083 8310
3084 8400
3085 2320
3086 6950
3087 3400
3088 8590
3089 7070
3090 6640
3091 7310
3092 5710
3093 3660
3094 2990
3095 8540
3096 4800
3097 9200
3098 5690
3099 200
3100 8290
3101 1280
3102 6200
3103 4500
3104 5880
3105 600
3106 480
3107 8380
3108 7070
3109 5470
3110 8120
3111 9910
3112 270
3113 6890
3114 9160
3115 8470
3116 8660
3117 560
3118 1620
3119 4300
3120 3600
3121 700
3122 9660
3123 6170
3124 1170
3125 6340
3126 1990
3127 610
3128 6270
3129 2470
3130 8430
3131 7060
3132 5130
3133 9170
3134 8830
3135 4070
3136 4470
3137 5030
3138 1840
3139 4390
3140 4470
3141 6940
3142 6640
3143 9690
3144 450
3145 3630
3146 4900
3147 3460
3148 7640
3149 1890
3150 2910
3151 6930
3152 2600
3153 3720
3154 5840
3155 5190
3156 8360
3157 7850
3158 230
3159 2150
3160 3840
3161 2520
3162 8250
3163 3320
3164 7400
3165 7910
3166 2150
3167 260
3168 8010
3169 3770
3170 4240
3171 2930
3172 4730
3173 4380
3174 3650
3175 8020
3176 2070
3177 4720
3178 4510
3179 6740
3180 4740
3181 4450
3182 6070
3183 5160
3184 5550
3185 3460
3186 350
3187 8650
3188 7730
3189 6560
3190 8260
3191 6690
3192 960
3193 3760
3194 8360
3195 3530
3196 3340
3197 4340
3198 8430
3199 8080
3200 6500
3201 7160
3202 9130
3203 6970
3204 5450
3205 9790
3206 1500
3207 7810
3208 6060
3209 3430
3210 620
3211 8730
3212 1450
3213 5480
3214 4000
3215 7990
3216 9020
3217 3610
3218 6610
3219 2970
3220 2410
3221 1050
3222 4620
3223 4940
3224 9130
3225 20
3226 5260
3227 7540
3228 3270
3229 5940
3230 110
3231 7540
3232 5250
3233 3060
3234 2960
3235 720
3236 8940
3237 5950
3238 2980
3239 2640
3240 9250
3241 2010
3242 850
3243 8200
3244 7540
3245 6750
3246 2700
3247 7370
3248 3320
3249 7920
3250 6320
3251 2360
3252 3340
3253 2600
3254 1410
3255 5290
3256 4570
3257 1270
3258 4380
3259 8180
3260 3390
3261 9880
3262 360
3263 9400
3264 3600
3265 6990
3266 7770
3267 1380
3268 6480
3269 9220
3270 6430
3271 6170
3272 8550
3273 4400
3274 9450
3275 7540
3276 8890
3277 6650
3278 1760
3279 1220
3280 9300
3281 9890
3282 2050
3283 3890
3284 8730
3285 9230
3286 210
3287 5920
3288 8760
3289 3710
3290 6300
3291 2380
3292 140
3293 9790
3294 3790
3295 6420
3296 2950
3297 7880
3298 1630
3299 3410
3300 9010
3301 50
3302 4860
3303 660
3304 8390
3305 6520
3306 890
3307 1940
3308 7770
3309 4250
3310 5200
3311 7180
3312 2740
3313 840
3314 3800
3315 9090
3316 340
3317 1190
3318 6240
3319 8640
3320 6790
3321 1130
3322 1900
3323 3230
3324 2930
3325 2670
3326 5600
3327 7620
3328 2630
3329 7570
3330 5140
3331 1190
3332 3960
3333 6350
3334 4540
3335 4370
3336 8280
3337 9910
3338 3980
3339 8130
3340 7570
3341 840
3342 1810
3343 2370
3344 4520
3345 2260
3346 2020
3347 4390
3348 520
3349 2640
3350 8310
3351 2980
3352 1690
3353 6180
3354 5230
3355 2350
3356 9400
3357 1150
3358 5610
3359 3310
3360 8870
3361 930
3362 3730
3363 3460
3364 2410
3365 1250
3366 6190
3367 2090
3368 9700
3369 1900
3370 7430
3371 8550
3372 2500
3373 2800
3374 4370
3375 3430
3376 4610
3377 5380
3378 6180
3379 2180
3380 9050
3381 5290
3382 9390
3383 6150
3384 5390
3385 2590
3386 4300
3387 2650
3388 1790
3389 3500
3390 6200
3391 6030
3392 1190
3393 7070
3394 1580
3395 2700
3396 2330
3397 4810
3398 4040
3399 740
3400 6480
3401 5120
3402 8450
3403 470
3404 8260
3405 2290
3406 8000
3407 7390
3408 7300
3409 4830
3410 320
3411 7000
3412 8850
3413 7480
3414 9770
3415 4660
3416 3440
3417 5020
3418 2150
3419 6870
3420 7480
3421 1740
3422 6350
3423 20
3424 9360
3425 680
3426 390
3427 3550
3428 3670
3429 3330
3430 8680
3431 5010
3432 2990
3433 5680
3434 3110
3435 6370
3436 7740
3437 3990
3438 5980
3439 5440
3440 2650
3441 5300
3442 4710
3443 990
3444 5740
3445 9200
3446 1430
3447 7180
3448 3560
3449 7450
3450 4650
3451 2690
3452 2950
3453 7100
3454 4810
3455 3960
3456 9620
3457 7180
3458 8460
3459 6700
3460 5620
3461 4960
3462 2040
3463 5040
3464 9360
3465 7230
3466 9400
3467 9760
3468 8310
3469 3160
3470 3160
3471 8390
3472 5940
3473 3030
3474 7760
3475 4070
3476 7590
3477 2930
3478 8800
3479 4580
3480 2940
3481 5600
3482 8480
3483 9790
3484 7300
3485 1440
3486 7340
3487 4770
3488 8670
3489 9460
3490 8030
3491 4100
3492 6960
3493 6120
3494 7980
3495 5420
3496 1060
3497 7720
3498 1120
3499 6760
3500 9070
3501 5230
3502 6990
3503 5190
3504 6030
3505 7950
3506 1830
3507 2090
3508 1590
3509 6610
3510 2790
3511 8290
3512 3740
3513 4750
3514 9540
3515 3610
3516 9280
3517 3990
3518 2630
3519 6740
3520 6870
3521 7660
3522 5090
3523 8420
3524 5510
3525 2760
3526 3630
3527 7840
3528 5810
3529 6470
3530 9410
3531 7500
3532 3440
3533 5370
3534 1390
3535 840
3536 1660
3537 7140
3538 5130
3539 7580
3540 3870
3541 9310
3542 3640
3543 3780
3544 5760
3545 6340
3546 8180
3547 3770
3548 8450
3549 2100
3550 6580
3551 1960
3552 7030
3553 8410
3554 3300
3555 670
3556 250
3557 1030
3558 7340
3559 3460
3560 8800
3561 6960
3562 5530
3563 380
3564 2420
3565 9130
3566 5360
3567 3210
3568 7980
3569 7990
3570 5300
3571 650
3572 4950
3573 1920
3574 8790
3575 480
3576 4120
3577 80
3578 5420
3579 140
3580 290
3581 4830
3582 1630
3583 3630
3584 8290
3585 9050
3586 2100
3587 4240
3588 9580
3589 8480
3590 8490
3591 8420
3592 8210
3593 6790
3594 7340
3595 2500
3596 5500
3597 2830
3598 5480
3599 4240
3600 8070
3601 5180
3602 5240
3603 240
3604 4310
3605 2470
3606 230
3607 2540
3608 1540
3609 9440
3610 1870
3611 5580
3612 4430
3613 8910
3614 1180
3615 2980
3616 1920
3617 8030
3618 2880
3619 1800
3620 270
3621 1220
3622 1050
3623 4640
3624 9660
3625 3820
3626 110
3627 2280
3628 9000
3629 1660
3630 5620
3631 6760
3632 8290
3633 6560
3634 8220
3635 5590
3636 760
3637 8510
3638 4680
3639 8480
3640 2760
3641 9660
3642 3730
3643 180
3644 4000
3645 9810
3646 5010
3647 9450
3648 1570
3649 7800
3650 9760
3651 6700
3652 4140
3653 6960
3654 6860
3655 3760
3656 8520
3657 1520
3658 6020
3659 8920
3660 9140
3661 5350
3662 8270
3663 5500
3664 7180
3665 540
3666 9880
3667 7190
3668 3060
3669 9950
3670 7530
3671 4720
3672 9140
3673 9810
3674 8960
3675 1860
3676 8870
3677 1330
3678 4140
3679 3130
3680 6440
3681 5080
3682 5420
3683 5760
3684 90
3685 9520
3686 4530
3687 8880
3688 4700
3689 5000
3690 9940
3691 6710
3692 6880
3693 9950
3694 9870
3695 9930
3696 4350
3697 8730
3698 5760
3699 5440
3700 5820
3701 2080
3702 1420
3703 8240
3704 6960
3705 3570
3706 9990
3707 4830
3708 1290
3709 4180
3710 7920
3711 240
3712 3610
3713 1870
3714 7840
3715 4580
3716 8940
3717 2330
3718 5750
3719 4010
3720 9080
3721 5330
3722 3420
3723 1140
3724 8480
3725 5080
3726 9300
3727 7930
3728 5000
3729 540
3730 950
3731 1990
3732 7140
3733 6220
3734 2930
3735 5390
3736 2920
3737 4270
3738 5650
3739 9170
3740 800
3741 7060
3742 9390
3743 5930
3744 1990
3745 2050
3746 8970
3747 7980
3748 1800
3749 4310
3750 5980
3751 770
3752 8360
3753 3080
3754 3800
3755 1480
3756 5840
3757 1990
3758 7450
3759 5490
3760 2930
3761 5040
3762 7670
3763 6660
3764 8280
3765 5060
3766 2390
3767 2860
3768 9760
3769 6670
3770 9530
3771 9030
3772 3150
3773 4460
3774 2690
3775 8100
3776 5450
3777 1510
3778 8640
3779 7850
3780 8010
3781 8090
3782 8960
3783 8100
3784 5050
3785 5060
3786 3000
3787 1760
3788 6730
3789 1570
3790 6870
3791 6460
3792 9520
3793 1650
3794 2590
3795 5420
3796 4090
3797 6790
3798 3050
3799 7350
3800 5530
3801 4670
3802 5310
3803 6800
3804 2020
3805 5240
3806 6360
3807 4710
3808 2900
3809 8120
3810 6160
3811 4850
3812 5050
3813 7640
3814 2800
3815 8180
3816 2630
3817 3520
3818 4350
3819 6870
3820 4400
3821 3520
3822 6860
3823 7720
3824 1800
3825 5280
3826 8390
3827 7460
3828 4420
3829 9050
3830 6730
3831 6890
3832 4860
3833 7270
3834 3110
3835 8600
3836 450
3837 1920
3838 600
3839 4770
3840 5520
3841 1510
3842 2950
3843 9480
3844 8130
3845 8010
3846 6430
3847 5260
3848 120
3849 3460
3850 6400
3851 6800
3852 3850
3853 330
3854 8380
3855 5540
3856 1180
3857 9010
3858 6710
3859 8710
3860 6550
3861 3770
3862 8180
3863 3550
3864 6320
3865 5330
3866 9590
3867 4130
3868 990
3869 9910
3870 8030
3871 5440
3872 4480
3873 4430
3874 1940
3875 4800
3876 3620
3877 4950
3878 230
3879 5540
3880 2790
3881 8650
3882 8940
3883 2460
3884 4240
3885 7690
3886 8650
3887 4580
3888 5640
3889 1580
3890 7010
3891 2690
3892 920
3893 2840
3894 4540
3895 6990
3896 9370
3897 3830
3898 8800
3899 4740
3900 2060
3901 1450
3902 4240
3903 7410
3904 2580
3905 5050
3906 9500
3907 3540
3908 3420
3909 740
3910 7070
3911 2380
3912 1430
3913 7000
3914 2380
3915 6880
3916 1400
3917 1480
3918 3030
3919 9030
3920 8490
3921 9510
3922 650
3923 7370
3924 4520
3925 5630
3926 6820
3927 7950
3928 3260
3929 6680
3930 2570
3931 380
3932 2770
3933 6040
3934 5180
3935 370
3936 8100
3937 3000
3938 6010
3939 8100
3940 3320
3941 2710
3942 9070
3943 750
3944 1230
3945 3980
3946 7970
3947 6240
3948 4260
3949 1290
3950 1800
3951 9380
3952 7290
3953 1560
3954 3070
3955 930
3956 420
3957 2540
3958 1050
3959 5550
3960 600
3961 9280
3962 6800
3963 40
3964 3870
3965 2710
3966 9370
3967 710
3968 8270
3969 7010
3970 6630
3971 4600
3972 2410
3973 4290
3974 7720
3975 8710
3976 2330
3977 1900
3978 4390
3979 6650
3980 30
3981 2610
3982 9880
3983 3090
3984 1350
3985 8750
3986 6320
3987 3480
3988 2360
3989 170
3990 7100
3991 6250
3992 1730
3993 480
3994 580
3995 4690
3996 4810
3997 800
3998 3440
3999 2590
4000 5590
4001 7890
4002 1140
4003 2750
4004 7670
4005 6230
4006 1700
4007 4750
4008 5740
4009 9400
4010 2360
4011 4340
4012 6410
4013 2370
4014 270
4015 6270
4016 5890
4017 3220
4018 1820
4019 2530
4020 3340
4021 2330
4022 2290
4023 5310
4024 8220
4025 440
4026 400
4027 1550
4028 6300
4029 810
4030 8510
4031 6450
4032 4000
4033 1240
4034 1650
4035 9530
4036 2340
4037 9900
4038 8290
4039 7690
4040 4890
4041 5270
4042 670
4043 6220
4044 8500
4045 7250
4046 8650
4047 6330
4048 30
4049 9940
4050 6510
4051 6780
4052 4440
4053 8240
4054 2170
4055 4190
4056 880
4057 6610
4058 9580
4059 4620
4060 1250
4061 2790
4062 3370
4063 8320
4064 5920
4065 2990
4066 2300
4067 2070
4068 6530
4069 4960
4070 870
4071 6640
4072 8190
4073 7390
4074 6320
4075 3150
4076 7520
4077 4460
4078 2780
4079 9320
4080 3270
4081 100
4082 8330
4083 1990
4084 3370
4085 2900
4086 5790
4087 310
4088 1370
4089 8030
4090 5800
4091 7080
4092 7210
4093 80
4094 6910
4095 4450
4096 1090
4097 3990
4098 1370
4099 6810
4100 1070
4101 5190
4102 8350
4103 130
4104 7840
4105 4820
4106 9730
4107 250
4108 9380
4109 3160
4110 1940
4111 370
4112 2550
4113 7880
4114 8100
4115 7350
4116 1460
4117 3030
4118 7170
4119 7850
4120 5550
4121 7860
4122 5600
4123 2070
4124 230
4125 9690
4126 7190
4127 2260
4128 5840
4129 6260
4130 6650
4131 2880
4132 3060
4133 9850
4134 4370
4135 5530
4136 1270
4137 9310
4138 4220
4139 7260
4140 5590
4141 9180
4142 3120
4143 480
4144 1870
4145 9930
4146 5370
4147 8570
4148 3740
4149 6350
4150 2890
4151 9060
4152 9750
4153 7100
4154 2120
4155 9770
4156 370
4157 6630
4158 1040
4159 7510
4160 9210
4161 9640
4162 2740
4163 4510
4164 5360
4165 4860
4166 1510
4167 3610
4168 6540
4169 180
4170 8040
4171 2120
4172 9680
4173 6370
4174 5530
4175 2200
4176 1760
4177 7990
4178 7220
4179 9700
4180 9590
4181 6970
4182 8960
4183 3620
4184 6690
4185 4560
4186 4050
4187 2180
4188 5260
4189 2320
4190 3260
4191 7060
4192 1380
4193 4890
4194 2710
4195 4920
4196 1680
4197 8020
4198 1260
4199 9490
4200 8020
4201 4550
4202 6560
4203 3500
4204 3870
4205 2320
4206 7250
4207 8050
4208 780
4209 3070
4210 7600
4211 1940
4212 9030
4213 5880
4214 6700
4215 6470
4216 6840
4217 9190
4218 8990
4219 370
4220 9260
4221 2980
4222 6650
4223 9270
4224 4290
4225 3390
4226 9160
4227 7680
4228 430
4229 9560
4230 8970
4231 1420
4232 7990
4233 430
4234 580
4235 750
4236 1570
4237 2850
4238 1260
4239 4450
4240 2810
4241 2810
4242 8560
4243 4360
4244 1090
4245 5540
4246 770
4247 4300
4248 2610
4249 2500
4250 4100
4251 1990
4252 2240
4253 5040
4254 110
4255 7930
4256 1180
4257 5210
4258 8870
4259 4440
4260 6030
4261 5990
4262 4630
4263 200
4264 8680
4265 7430
4266 5700
4267 480
4268 290
4269 3520
4270 6590
4271 2170
4272 2980
4273 2770
4274 8510
4275 8890
4276 2610
4277 8740
4278 7300
4279 1680
4280 4490
4281 5810
4282 7280
4283 9160
4284 60
4285 790
4286 1870
4287 2470
4288 6520
4289 4880
4290 1160
4291 9380
4292 5360
4293 1770
4294 3510
4295 2680
4296 7210
4297 3760
4298 2100
4299 7680
4300 2460
4301 5520
4302 1870
4303 5340
4304 7260
4305 1530
4306 9220
4307 9320
4308 9210
4309 4150
4310 8760
4311 4750
4312 5630
4313 4370
4314 8110
4315 7370
4316 910
4317 9810
4318 4380
4319 1040
4320 8240
4321 3030
4322 5820
4323 7480
4324 6990
4325 1400
4326 8590
4327 2790
4328 3010
4329 6600
4330 2480
4331 4510
4332 4330
4333 8870
4334 4830
4335 7290
4336 9800
4337 5250
4338 2730
4339 3970
4340 5960
4341 4540
4342 1010
4343 8480
4344 6580
4345 840
4346 3970
4347 7160
4348 3920
4349 4170
4350 460
4351 1940
4352 3310
4353 8050
4354 1940
4355 6350
4356 1240
4357 8840
4358 8270
4359 6700
4360 7930
4361 2620
4362 7740
4363 1090
4364 3560
4365 8720
4366 8670
4367 6890
4368 7120
4369 6540
4370 7070
4371 2010
4372 4710
4373 7150
4374 8480
4375 5550
4376 3100
4377 3800
4378 8350
4379 3230
4380 1500
4381 5990
4382 3690
4383 8400
4384 320
4385 6870
4386 7620
4387 40
4388 4240
4389 9490
4390 7580
4391 3950
4392 9730
4393 5790
4394 8160
4395 8730
4396 8120
4397 5200
4398 4920
4399 2500
4400 7200
4401 7220
4402 8080
4403 4480
4404 4270
4405 3550
4406 6210
4407 4400
4408 3750
4409 450
4410 9420
4411 8400
4412 4360
4413 1600
4414 1020
4415 1290
4416 4420
4417 8600
4418 5930
4419 1510
4420 9510
4421 710
4422 5430
4423 7560
4424 5680
4425 50
4426 7990
4427 9930
4428 5850
4429 9060
4430 4910
4431 1980
4432 6980
4433 550
4434 1220
4435 1300
4436 6720
4437 5200
4438 9330
4439 5260
4440 4120
4441 1520
4442 7370
4443 8560
4444 4130
4445 7210
4446 8040
4447 2360
4448 2390
4449 3840
4450 6010
4451 6030
4452 2780
4453 9560
4454 9390
4455 2520
4456 8940
4457 7290
4458 5700
4459 6200
4460 1450
4461 850
4462 360
4463 2920
4464 6820
4465 9780
4466 3880
4467 1420
4468 6750
4469 6340
4470 1010
4471 9190
4472 1620
4473 6020
4474 360
4475 9890
4476 9410
4477 6070
4478 7000
4479 3390
4480 2770
4481 4620
4482 2260
4483 4060
4484 5980
4485 9530
4486 8960
4487 1860
4488 5620
4489 4410
4490 3080
4491 1490
4492 400
4493 5750
4494 9900
4495 5400
4496 7360
4497 6030
4498 3740
4499 5120
4500 8910
4501 6800
4502 2690
4503 9780
4504 9140
4505 680
4506 5940
4507 2420
4508 8230
4509 6760
4510 650
4511 5890
4512 9330
4513 3740
4514 4710
4515 2530
4516 6850
4517 7410
4518 1000
4519 8640
4520 2940
4521 4890
4522 7700
4523 1150
4524 6600
4525 9840
4526 780
4527 6650
4528 4930
4529 3520
4530 3860
4531 430
4532 6180
4533 5260
4534 9560
4535 6190
4536 3830
4537 5330
4538 6050
4539 9990
4540 4630
4541 6750
4542 2900
4543 860
4544 1620
4545 2890
4546 1520
4547 2120
4548 8820
4549 7030
4550 3920
4551 6190
4552 4150
4553 9610
4554 6280
4555 6390
4556 1170
4557 2840
4558 1750
4559 5060
4560 4870
4561 2520
4562 6380
4563 250
4564 9630
4565 3070
4566 9130
4567 8430
4568 6220
4569 6940
4570 3010
4571 1170
4572 7790
4573 3010
4574 3790
4575 1220
4576 4980
4577 9570
4578 8670
4579 3700
4580 1180
4581 5260
4582 8450
4583 5230
4584 7280
4585 4840
4586 5680
4587 4110
4588 1910
4589 9680
4590 2880
4591 1990
4592 4600
4593 7530
4594 3500
4595 1460
4596 2210
4597 8080
4598 9890
4599 6910
4600 1770
4601 5910
4602 9610
4603 2590
4604 1850
4605 6620
4606 7990
4607 890
4608 2950
4609 2220
4610 9870
4611 5800
4612 6100
4613 4290
4614 9160
4615 4560
4616 9180
4617 9910
4618 280
4619 6370
4620 2170
4621 1610
4622 9390
4623 3390
4624 4110
4625 8470
4626 9290
4627 1180
4628 9820
4629 7110
4630 9550
4631 5560
4632 9520
4633 6120
4634 8230
4635 8610
4636 8470
4637 3460
4638 3010
4639 810
4640 7870
4641 5130
4642 5300
4643 3910
4644 4230
4645 4020
4646 750
4647 70
4648 550
4649 4530
4650 6900
4651 9840
4652 5200
4653 1470
4654 9250
4655 3510
4656 6690
4657 1740
4658 5920
4659 1960
4660 3930
4661 4490
4662 9140
4663 6420
4664 100
4665 290
4666 8310
4667 760
4668 6050
4669 640
4670 580
4671 9990
4672 1200
4673 2270
4674 8190
4675 3270
4676 4620
4677 760
4678 7560
4679 7280
4680 7180
4681 5860
4682 5990
4683 6500
4684 4670
4685 5650
4686 6810
4687 5950
4688 5610
4689 3530
4690 6010
4691 750
4692 6160
4693 6850
4694 4810
4695 8910
4696 1230
4697 930
4698 1950
4699 3210
4700 3140
4701 1030
4702 4170
4703 9130
4704 9090
4705 2250
4706 1340
4707 6480
4708 9000
4709 3830
4710 1590
4711 250
4712 1660
4713 8730
4714 8360
4715 970
4716 8570
4717 4970
4718 90
4719 1590
4720 7870
4721 9600
4722 8110
4723 9450
4724 5260
4725 2510
4726 330
4727 7370
4728 5950
4729 5080
4730 6680
4731 5500
4732 7050
4733 1650
4734 5610
4735 3400
4736 4320
4737 2360
4738 5380
4739 6190
4740 1220
4741 9040
4742 3740
4743 9330
4744 410
4745 2540
4746 5710
4747 5970
4748 980
4749 9800
4750 9120
4751 1440
4752 1730
4753 80
4754 1530
4755 1700
4756 4340
4757 5620
4758 240
4759 8450
4760 2810
4761 5490
4762 6610
4763 4280
4764 7720
4765 8220
4766 5200
4767 7320
4768 1100
4769 9210
4770 7520
4771 890
4772 9110
4773 9210
4774 7130
4775 3840
4776 9850
4777 5660
4778 3860
4779 5730
4780 150
4781 6810
4782 800
4783 4640
4784 9270
4785 9620
4786 5680
4787 6680
4788 9060
4789 4640
4790 5080
4791 470
4792 520
4793 1460
4794 1030
4795 9520
4796 5900
4797 3940
4798 560
4799 5240
4800 3220
4801 1840
4802 4970
4803 1800
4804 5800
4805 1220
4806 5120
4807 7570
4808 7110
4809 1090
4810 8020
4811 6160
4812 4950
4813 4460
4814 7950
4815 100
4816 3980
4817 2680
4818 740
4819 7820
4820 7390
4821 4110
4822 3220
4823 5230
4824 9170
4825 2260
4826 9410
4827 4560
4828 7910
4829 2400
4830 9660
4831 6300
4832 6390
4833 8210
4834 5840
4835 1560
4836 4490
4837 1680
4838 8600
4839 750
4840 3410
4841 8730
4842 8980
4843 2030
4844 6110
4845 1340
4846 5920
4847 1230
4848 9970
4849 9180
4850 3790
4851 1960
4852 5160
4853 8760
4854 4410
4855 4490
4856 8790
4857 8670
4858 8320
4859 9150
4860 2010
4861 6840
4862 4220
4863 3390
4864 6750
4865 800
4866 6950
4867 6590
4868 8410
4869 5550
4870 5470
4871 8350
4872 5920
4873 1110
4874 7750
4875 270
4876 8370
4877 4300
4878 3740
4879 5430
4880 3720
4881 1910
4882 4720
4883 3120
4884 3410
4885 5330
4886 9750
4887 8060
4888 1850
4889 5790
4890 3270
4891 9450
4892 7910
4893 8650
4894 1490
4895 6250
4896 3380
4897 1420
4898 6070
4899 8810
4900 4580
4901 9920
4902 9210
4903 9090
4904 2260
4905 2430
4906 9310
4907 7700
4908 9360
4909 1650
4910 530
4911 630
4912 2580
4913 9480
4914 5220
4915 8810
4916 4830
4917 5370
4918 3290
4919 6130
4920 350
4921 5040
4922 4900
4923 3190
4924 3170
4925 970
4926 220
4927 9530
4928 1750
4929 360
4930 3550
4931 4610
4932 480
4933 4850
4934 6580
4935 9410
4936 8640
4937 430
4938 420
4939 2100
4940 4790
4941 9480
4942 8290
4943 7480
4944 1010
4945 8590
4946 3820
4947 3530
4948 9520
4949 770
4950 4310
4951 5870
4952 1570
4953 7850
4954 8830
4955 6320
4956 5320
4957 7990
4958 8810
4959 310
4960 9570
4961 1170
4962 5940
4963 4050
4964 1400
4965 1740
4966 1890
4967 1040
4968 5150
4969 2390
4970 1430
4971 3200
4972 1240
4973 4740
4974 3130
4975 880
4976 800
4977 6970
4978 1330
4979 8770
4980 4370
4981 3450
4982 2380
4983 4610
4984 8750
4985 6510
4986 1740
4987 6310
4988 4380
4989 8030
4990 7420
4991 9150
4992 9120
4993 9840
4994 9400
4995 8740
4996 8300
4997 8990
4998 6000
4999 1220
5000 4470